[{"__ndarray__": [[15, 15], "float64", [70.0, 2.638740854850144e-15, 1.481793440041551e-15, -2.035107091362373e-15, -2.6387597873449485e-15, -1.4817983968124857e-15, -6.132247952929084e-08, -8.693542933604136e-16, -2.01485068400563e-15, -8.69353388820148e-16, -6.132327338158976e-08, -1.3163680792221732e-15, -2.0148470260175696e-15, -1.3163635313683448e-15, -6.132326987688289e-08, 2.638740854850144e-15, 70.0, 1.9008106342780208e-15, -2.6387286168904204e-15, -3.4000805526548638e-15, -1.900816458085438e-15, -8.62793091653594e-08, -1.0534255354204552e-15, -2.4446992579433093e-15, -1.053424472658351e-15, -8.628029530281906e-08, -1.5928158397776504e-15, -2.444694960101371e-15, -1.5928104964149637e-15, -8.628029099116359e-08, 1.481793440041551e-15, 1.9008106342780208e-15, 70.0, -1.4817870727384901e-15, -1.9008222077190675e-15, -1.0592467747768097e-15, -5.114697114147515e-08, -5.621592169317001e-16, -1.3059909217595767e-15, -5.621586639859026e-16, -5.114750770927017e-08, -8.490359516064338e-16, -1.3059886856301285e-15, -8.490331715017138e-16, -5.114750538069923e-08, -2.035107091362373e-15, -2.6387286168904204e-15, -1.4817870727384901e-15, 70.0, 2.6387475494251383e-15, 1.4817920295198744e-15, 6.132176372807772e-08, 8.693542255262358e-16, 2.014850334521751e-15, 8.693533209840633e-16, 6.132255757887754e-08, 1.3163681113842879e-15, 2.014846676525979e-15, 1.316363563520872e-15, 6.132255407417475e-08, -2.6387597873449485e-15, -3.4000805526548638e-15, -1.9008222077190675e-15, 2.6387475494251383e-15, 70.0, 1.9008280315074904e-15, 8.628061023161337e-08, 1.0534256587183178e-15, 2.4446998931778864e-15, 1.0534245959596797e-15, 8.628159637179777e-08, 1.5928157813186239e-15, 2.444695595349966e-15, 1.5928104379733641e-15, 8.628159206013479e-08, -1.4817983968124857e-15, -1.900816458085438e-15, -1.0592467747768097e-15, 1.4817920295198744e-15, 1.9008280315074904e-15, 70.0, 5.11473117773743e-08, 5.621592492126682e-16, 1.305991088072169e-15, 5.621586962677782e-16, 5.114784834588268e-08, 8.490359363011079e-16, 1.3059888519463906e-15, 8.490331562009505e-16, 5.1147846017309806e-08, -6.132247952929084e-08, -8.62793091653594e-08, -5.114697114147515e-08, 6.132176372807772e-08, 8.628061023161337e-08, 5.11473117773743e-08, 69.70135708003761, 4.959384744193048e-08, 1.1391397534547622e-07, 4.959378528071892e-08, -0.29860530777212446, 7.581478651287133e-08, 1.1391372396366565e-07, 7.581447397830025e-08, -0.29860548712741775, -8.693542933604136e-16, -1.0534255354204552e-15, -5.621592169317001e-16, 8.693542255262358e-16, 1.0534256587183178e-15, 5.621592492126682e-16, 4.959384744193048e-08, 70.0, 2.807351924655621e-16, 1.1630047373908677e-16, 4.959403730243809e-08, 1.6824958198775628e-16, 2.8073516864291675e-16, 1.6824955236986059e-16, 4.95940366092749e-08, -2.01485068400563e-15, -2.4446992579433093e-15, -1.3059909217595767e-15, 2.014850334521751e-15, 2.4446998931778864e-15, 1.305991088072169e-15, 1.1391397534547622e-07, 2.807351924655621e-16, 70.0, 2.807351621158771e-16, 1.1391442192324369e-07, 4.0723413829100745e-16, 6.760921648349189e-16, 4.072339856986505e-16, 1.1391442028146219e-07, -8.69353388820148e-16, -1.053424472658351e-15, -5.621586639859026e-16, 8.693533209840633e-16, 1.0534245959596797e-15, 5.621586962677782e-16, 4.959378528071892e-08, 1.1630047373908677e-16, 2.807351621158771e-16, 70.0, 4.9593975141096355e-08, 1.6824958478076079e-16, 2.807351382925621e-16, 1.682495551620325e-16, 4.959397444793352e-08, -6.132327338158976e-08, -8.628029530281906e-08, -5.114750770927017e-08, 6.132255757887754e-08, 8.628159637179777e-08, 5.114784834588268e-08, -0.29860530777212446, 4.959403730243809e-08, 1.1391442192324369e-07, 4.9593975141096355e-08, 69.70143230464046, 7.581506940349342e-08, 1.1391417054090667e-07, 7.581475686826778e-08, -0.29856787471571167, -1.3163680792221732e-15, -1.5928158397776504e-15, -8.490359516064338e-16, 1.3163681113842879e-15, 1.5928157813186239e-15, 8.490359363011079e-16, 7.581478651287133e-08, 1.6824958198775628e-16, 4.0723413829100745e-16, 1.6824958478076079e-16, 7.581506940349342e-08, 70.0, 4.072341495860017e-16, 2.4263157964358547e-16, 7.581506837865998e-08, -2.0148470260175696e-15, -2.444694960101371e-15, -1.3059886856301285e-15, 2.014846676525979e-15, 2.444695595349966e-15, 1.3059888519463906e-15, 1.1391372396366565e-07, 2.8073516864291675e-16, 6.760921648349189e-16, 2.807351382925621e-16, 1.1391417054090667e-07, 4.072341495860017e-16, 70.0, 4.072339969902777e-16, 1.1391416889912661e-07, -1.3163635313683448e-15, -1.5928104964149637e-15, -8.490331715017138e-16, 1.316363563520872e-15, 1.5928104379733641e-15, 8.490331562009505e-16, 7.581447397830025e-08, 1.6824955236986059e-16, 4.072339856986505e-16, 1.682495551620325e-16, 7.581475686826778e-08, 2.4263157964358547e-16, 4.072339969902777e-16, 70.0, 7.581475584343616e-08, -6.132326987688289e-08, -8.628029099116359e-08, -5.114750538069923e-08, 6.132255407417475e-08, 8.628159206013479e-08, 5.1147846017309806e-08, -0.29860548712741775, 4.95940366092749e-08, 1.1391442028146219e-07, 4.959397444793352e-08, -0.29856787471571167, 7.581506837865998e-08, 1.1391416889912661e-07, 7.581475584343616e-08, 69.7014319459281]]}, {"__ndarray__": [[15], "float64", [8.2539800845916e-11, 9.697763135235691e-11, 5.0456610652273234e-11, 1.3599999999174601, 1.3599999999030228, 1.3599999999495436, -0.005672245025715922, -5.375404098863133e-13, -2.769425585341267e-12, -5.375555210837253e-13, -0.005672256905024545, 2.5486321018760324e-13, -2.7694866954784396e-12, 2.5478723400433204e-13, -0.0056722568723228065]]}, {"__ndarray__": [[15], "float64", [-1.0435188293444735e-09, -1.4682053565550306e-09, -8.703617453142125e-10, 1.0435188293444735e-09, 1.4682053565550306e-09, 8.703617453142125e-10, -0.005081508862585797, 8.439295468573088e-10, 1.9384508352452514e-09, 8.439295468573088e-10, -0.005080868822462369, 1.290149865410697e-09, 1.9384508352452514e-09, 1.290149865410697e-09, -0.005080871874562516]]}, 0.2]