# remapped force constants from FORCE_CONSTANTS, shape [(24, 24)]
1.367186146638709943e+01 0.000000000000000000e+00 0.000000000000000000e+00 1.726518151252520061e+00 3.075299999999999710e-11 6.583100000000000252e-11 -8.725179317244260435e-01 -3.075299999999999710e-11 0.000000000000000000e+00 -8.725179317244260435e-01 0.000000000000000000e+00 -6.583100000000000252e-11 -3.413335938547230164e+00 -2.529505361890762138e+00 -2.529505361895906912e+00 -3.413335938548164972e+00 2.529505362018900971e+00 2.529505361955767029e+00 -3.413335938548164972e+00 2.529505361795358898e+00 -2.529505361859428980e+00 -3.413335938547231052e+00 -2.529505361923498175e+00 2.529505361799567975e+00
0.000000000000000000e+00 1.367186146638709943e+01 0.000000000000000000e+00 -3.027200000000000026e-11 -8.725179317244260435e-01 0.000000000000000000e+00 3.027200000000000026e-11 1.726518151252520061e+00 4.949300000000000166e-11 0.000000000000000000e+00 -8.725179317244260435e-01 -4.949300000000000166e-11 -2.529505375164413206e+00 -3.413335938547699122e+00 -2.529505368532964038e+00 2.529505375036273040e+00 -3.413335938546763870e+00 -2.529505368463751847e+00 2.529505375260749922e+00 -3.413335938547696902e+00 2.529505368591888903e+00 -2.529505375132610201e+00 -3.413335938548633042e+00 2.529505368404826982e+00
0.000000000000000000e+00 2.000000000000000155e-15 1.367186146638709765e+01 -6.583100000000000252e-11 0.000000000000000000e+00 -8.725179317244260435e-01 0.000000000000000000e+00 -4.901300000000000047e-11 -8.725179317244260435e-01 6.583100000000000252e-11 4.901300000000000047e-11 1.726518151252520061e+00 -2.529505375159735170e+00 -2.529505368523143005e+00 -3.413335938548164972e+00 2.529505375100808973e+00 -2.529505368591423053e+00 -3.413335938548164972e+00 -2.529505375196212213e+00 2.529505368463282000e+00 -3.413335938547227943e+00 2.529505375255137078e+00 2.529505368651281838e+00 -3.413335938547228832e+00
1.726518151252520061e+00 3.075299999999999710e-11 6.583100000000000252e-11 1.367186146638709943e+01 0.000000000000000000e+00 0.000000000000000000e+00 -8.725179317244260435e-01 0.000000000000000000e+00 -6.583100000000000252e-11 -8.725179317244260435e-01 -3.075299999999999710e-11 0.000000000000000000e+00 -3.413335938548164972e+00 2.529505362018900971e+00 2.529505361955767029e+00 -3.413335938547230164e+00 -2.529505361890762138e+00 -2.529505361895906912e+00 -3.413335938547231052e+00 -2.529505361923498175e+00 2.529505361799567975e+00 -3.413335938548164972e+00 2.529505361795358898e+00 -2.529505361859428980e+00
-3.027200000000000026e-11 -8.725179317244260435e-01 0.000000000000000000e+00 0.000000000000000000e+00 1.367186146638709943e+01 0.000000000000000000e+00 0.000000000000000000e+00 -8.725179317244260435e-01 -4.949300000000000166e-11 3.027200000000000026e-11 1.726518151252520061e+00 4.949300000000000166e-11 2.529505375036273040e+00 -3.413335938546763870e+00 -2.529505368463751847e+00 -2.529505375164413206e+00 -3.413335938547699122e+00 -2.529505368532964038e+00 -2.529505375132610201e+00 -3.413335938548633042e+00 2.529505368404826982e+00 2.529505375260749922e+00 -3.413335938547696902e+00 2.529505368591888903e+00
-6.583100000000000252e-11 0.000000000000000000e+00 -8.725179317244260435e-01 0.000000000000000000e+00 2.000000000000000155e-15 1.367186146638709765e+01 6.583100000000000252e-11 4.901300000000000047e-11 1.726518151252520061e+00 0.000000000000000000e+00 -4.901300000000000047e-11 -8.725179317244260435e-01 2.529505375100808973e+00 -2.529505368591423053e+00 -3.413335938548164972e+00 -2.529505375159735170e+00 -2.529505368523143005e+00 -3.413335938548164972e+00 2.529505375255137078e+00 2.529505368651281838e+00 -3.413335938547228832e+00 -2.529505375196212213e+00 2.529505368463282000e+00 -3.413335938547227943e+00
-8.725179317244260435e-01 -3.075299999999999710e-11 0.000000000000000000e+00 -8.725179317244260435e-01 0.000000000000000000e+00 -6.583100000000000252e-11 1.367186146638709943e+01 0.000000000000000000e+00 0.000000000000000000e+00 1.726518151252520061e+00 3.075299999999999710e-11 6.583100000000000252e-11 -3.413335938548164972e+00 2.529505361795358898e+00 -2.529505361859428980e+00 -3.413335938547231052e+00 -2.529505361923498175e+00 2.529505361799567975e+00 -3.413335938547230164e+00 -2.529505361890762138e+00 -2.529505361895906912e+00 -3.413335938548164972e+00 2.529505362018900971e+00 2.529505361955767029e+00
3.027200000000000026e-11 1.726518151252520061e+00 4.949300000000000166e-11 0.000000000000000000e+00 -8.725179317244260435e-01 -4.949300000000000166e-11 0.000000000000000000e+00 1.367186146638709943e+01 0.000000000000000000e+00 -3.027200000000000026e-11 -8.725179317244260435e-01 0.000000000000000000e+00 2.529505375260749922e+00 -3.413335938547696902e+00 2.529505368591888903e+00 -2.529505375132610201e+00 -3.413335938548633042e+00 2.529505368404826982e+00 -2.529505375164413206e+00 -3.413335938547699122e+00 -2.529505368532964038e+00 2.529505375036273040e+00 -3.413335938546763870e+00 -2.529505368463751847e+00
0.000000000000000000e+00 -4.901300000000000047e-11 -8.725179317244260435e-01 6.583100000000000252e-11 4.901300000000000047e-11 1.726518151252520061e+00 0.000000000000000000e+00 2.000000000000000155e-15 1.367186146638709765e+01 -6.583100000000000252e-11 0.000000000000000000e+00 -8.725179317244260435e-01 -2.529505375196212213e+00 2.529505368463282000e+00 -3.413335938547227943e+00 2.529505375255137078e+00 2.529505368651281838e+00 -3.413335938547228832e+00 -2.529505375159735170e+00 -2.529505368523143005e+00 -3.413335938548164972e+00 2.529505375100808973e+00 -2.529505368591423053e+00 -3.413335938548164972e+00
-8.725179317244260435e-01 0.000000000000000000e+00 -6.583100000000000252e-11 -8.725179317244260435e-01 -3.075299999999999710e-11 0.000000000000000000e+00 1.726518151252520061e+00 3.075299999999999710e-11 6.583100000000000252e-11 1.367186146638709943e+01 0.000000000000000000e+00 0.000000000000000000e+00 -3.413335938547231052e+00 -2.529505361923498175e+00 2.529505361799567975e+00 -3.413335938548164972e+00 2.529505361795358898e+00 -2.529505361859428980e+00 -3.413335938548164972e+00 2.529505362018900971e+00 2.529505361955767029e+00 -3.413335938547230164e+00 -2.529505361890762138e+00 -2.529505361895906912e+00
0.000000000000000000e+00 -8.725179317244260435e-01 -4.949300000000000166e-11 3.027200000000000026e-11 1.726518151252520061e+00 4.949300000000000166e-11 -3.027200000000000026e-11 -8.725179317244260435e-01 0.000000000000000000e+00 0.000000000000000000e+00 1.367186146638709943e+01 0.000000000000000000e+00 -2.529505375132610201e+00 -3.413335938548633042e+00 2.529505368404826982e+00 2.529505375260749922e+00 -3.413335938547696902e+00 2.529505368591888903e+00 2.529505375036273040e+00 -3.413335938546763870e+00 -2.529505368463751847e+00 -2.529505375164413206e+00 -3.413335938547699122e+00 -2.529505368532964038e+00
6.583100000000000252e-11 4.901300000000000047e-11 1.726518151252520061e+00 0.000000000000000000e+00 -4.901300000000000047e-11 -8.725179317244260435e-01 -6.583100000000000252e-11 0.000000000000000000e+00 -8.725179317244260435e-01 0.000000000000000000e+00 2.000000000000000155e-15 1.367186146638709765e+01 2.529505375255137078e+00 2.529505368651281838e+00 -3.413335938547228832e+00 -2.529505375196212213e+00 2.529505368463282000e+00 -3.413335938547227943e+00 2.529505375100808973e+00 -2.529505368591423053e+00 -3.413335938548164972e+00 -2.529505375159735170e+00 -2.529505368523143005e+00 -3.413335938548164972e+00
-3.413335920336402207e+00 -2.529505375004120982e+00 -2.529505361625893123e+00 -3.413335921022929043e+00 2.529505375452842042e+00 2.529505362290315862e+00 -3.413335920574909199e+00 2.529505375164760927e+00 -2.529505361524880147e+00 -3.413335920784422939e+00 -2.529505374972321086e+00 2.529505362069582208e+00 1.367186139481803409e+01 -6.420300000000000049e-10 -1.210765000000000006e-09 1.726518142214592988e+00 -5.032400000000000246e-11 -8.706799999999999857e-11 -8.725179271569940553e-01 1.022100000000000017e-11 7.726899999999999963e-11 -8.725179271569940553e-01 4.097300000000000161e-11 1.143899999999999922e-11
-2.529505361538729957e+00 -3.413335956329213161e+00 -2.529505368352498174e+00 2.529505362179190975e+00 -3.413335956565849205e+00 -2.529505368731305825e+00 2.529505361955649789e+00 -3.413335956502248969e+00 2.529505368324338033e+00 -2.529505361954949016e+00 -3.413335956265611149e+00 2.529505368585292846e+00 -6.420300000000000049e-10 1.367186153795616654e+01 1.744090000000000126e-10 1.070099999999999974e-11 -8.725179362918580317e-01 -1.113100000000000013e-11 -5.080499999999999930e-11 1.726518160290448023e+00 7.151799999999999798e-11 4.097300000000000161e-11 -8.725179362918580317e-01 -6.062400000000000179e-11
-2.529505361497284888e+00 -2.529505381689281851e+00 -3.413335938356421906e+00 2.529505362280494829e+00 -2.529505381995133195e+00 -3.413335938804443970e+00 -2.529505361771334115e+00 2.529505381779905804e+00 -3.413335938290949834e+00 2.529505362197252971e+00 2.529505381730336122e+00 -3.413335938738971898e+00 -1.210767000000000023e-09 1.744090000000000126e-10 1.367186146638709765e+01 1.143800000000000034e-11 -1.113100000000000013e-11 -8.725179317244260435e-01 7.726899999999999963e-11 -6.014299999999999849e-11 -8.725179317244260435e-01 -8.706799999999999857e-11 7.103800000000000326e-11 1.726518151252520061e+00
-3.413335921022929043e+00 2.529505375452842042e+00 2.529505362290315862e+00 -3.413335920336402207e+00 -2.529505375004120982e+00 -2.529505361625893123e+00 -3.413335920784422939e+00 -2.529505374972321086e+00 2.529505362069582208e+00 -3.413335920574909199e+00 2.529505375164760927e+00 -2.529505361524880147e+00 1.726518142214592988e+00 -5.032400000000000246e-11 -8.706799999999999857e-11 1.367186139481803409e+01 -6.420300000000000049e-10 -1.210765000000000006e-09 -8.725179271569940553e-01 4.097300000000000161e-11 1.143899999999999922e-11 -8.725179271569940553e-01 1.022100000000000017e-11 7.726899999999999963e-11
2.529505362179190975e+00 -3.413335956565849205e+00 -2.529505368731305825e+00 -2.529505361538729957e+00 -3.413335956329213161e+00 -2.529505368352498174e+00 -2.529505361954949016e+00 -3.413335956265611149e+00 2.529505368585292846e+00 2.529505361955649789e+00 -3.413335956502248969e+00 2.529505368324338033e+00 1.070099999999999974e-11 -8.725179362918580317e-01 -1.113100000000000013e-11 -6.420300000000000049e-10 1.367186153795616654e+01 1.744090000000000126e-10 4.097300000000000161e-11 -8.725179362918580317e-01 -6.062400000000000179e-11 -5.080499999999999930e-11 1.726518160290448023e+00 7.151799999999999798e-11
2.529505362280494829e+00 -2.529505381995133195e+00 -3.413335938804443970e+00 -2.529505361497284888e+00 -2.529505381689281851e+00 -3.413335938356421906e+00 2.529505362197252971e+00 2.529505381730336122e+00 -3.413335938738971898e+00 -2.529505361771334115e+00 2.529505381779905804e+00 -3.413335938290949834e+00 1.143800000000000034e-11 -1.113100000000000013e-11 -8.725179317244260435e-01 -1.210767000000000023e-09 1.744090000000000126e-10 1.367186146638709765e+01 -8.706799999999999857e-11 7.103800000000000326e-11 1.726518151252520061e+00 7.726899999999999963e-11 -6.014299999999999849e-11 -8.725179317244260435e-01
-3.413335920574909199e+00 2.529505375164760927e+00 -2.529505361524880147e+00 -3.413335920784422939e+00 -2.529505374972321086e+00 2.529505362069582208e+00 -3.413335920336402207e+00 -2.529505375004120982e+00 -2.529505361625893123e+00 -3.413335921022929043e+00 2.529505375452842042e+00 2.529505362290315862e+00 -8.725179271569940553e-01 1.022100000000000017e-11 7.726899999999999963e-11 -8.725179271569940553e-01 4.097300000000000161e-11 1.143899999999999922e-11 1.367186139481803409e+01 -6.420300000000000049e-10 -1.210765000000000006e-09 1.726518142214592988e+00 -5.032400000000000246e-11 -8.706799999999999857e-11
2.529505361955649789e+00 -3.413335956502248969e+00 2.529505368324338033e+00 -2.529505361954949016e+00 -3.413335956265611149e+00 2.529505368585292846e+00 -2.529505361538729957e+00 -3.413335956329213161e+00 -2.529505368352498174e+00 2.529505362179190975e+00 -3.413335956565849205e+00 -2.529505368731305825e+00 -5.080499999999999930e-11 1.726518160290448023e+00 7.151799999999999798e-11 4.097300000000000161e-11 -8.725179362918580317e-01 -6.062400000000000179e-11 -6.420300000000000049e-10 1.367186153795616654e+01 1.744090000000000126e-10 1.070099999999999974e-11 -8.725179362918580317e-01 -1.113100000000000013e-11
-2.529505361771334115e+00 2.529505381779905804e+00 -3.413335938290949834e+00 2.529505362197252971e+00 2.529505381730336122e+00 -3.413335938738971898e+00 -2.529505361497284888e+00 -2.529505381689281851e+00 -3.413335938356421906e+00 2.529505362280494829e+00 -2.529505381995133195e+00 -3.413335938804443970e+00 7.726899999999999963e-11 -6.014299999999999849e-11 -8.725179317244260435e-01 -8.706799999999999857e-11 7.103800000000000326e-11 1.726518151252520061e+00 -1.210767000000000023e-09 1.744090000000000126e-10 1.367186146638709765e+01 1.143800000000000034e-11 -1.113100000000000013e-11 -8.725179317244260435e-01
-3.413335920784422939e+00 -2.529505374972321086e+00 2.529505362069582208e+00 -3.413335920574909199e+00 2.529505375164760927e+00 -2.529505361524880147e+00 -3.413335921022929043e+00 2.529505375452842042e+00 2.529505362290315862e+00 -3.413335920336402207e+00 -2.529505375004120982e+00 -2.529505361625893123e+00 -8.725179271569940553e-01 4.097300000000000161e-11 1.143899999999999922e-11 -8.725179271569940553e-01 1.022100000000000017e-11 7.726899999999999963e-11 1.726518142214592988e+00 -5.032400000000000246e-11 -8.706799999999999857e-11 1.367186139481803409e+01 -6.420300000000000049e-10 -1.210765000000000006e-09
-2.529505361954949016e+00 -3.413335956265611149e+00 2.529505368585292846e+00 2.529505361955649789e+00 -3.413335956502248969e+00 2.529505368324338033e+00 2.529505362179190975e+00 -3.413335956565849205e+00 -2.529505368731305825e+00 -2.529505361538729957e+00 -3.413335956329213161e+00 -2.529505368352498174e+00 4.097300000000000161e-11 -8.725179362918580317e-01 -6.062400000000000179e-11 -5.080499999999999930e-11 1.726518160290448023e+00 7.151799999999999798e-11 1.070099999999999974e-11 -8.725179362918580317e-01 -1.113100000000000013e-11 -6.420300000000000049e-10 1.367186153795616654e+01 1.744090000000000126e-10
2.529505362197252971e+00 2.529505381730336122e+00 -3.413335938738971898e+00 -2.529505361771334115e+00 2.529505381779905804e+00 -3.413335938290949834e+00 2.529505362280494829e+00 -2.529505381995133195e+00 -3.413335938804443970e+00 -2.529505361497284888e+00 -2.529505381689281851e+00 -3.413335938356421906e+00 -8.706799999999999857e-11 7.103800000000000326e-11 1.726518151252520061e+00 7.726899999999999963e-11 -6.014299999999999849e-11 -8.725179317244260435e-01 1.143800000000000034e-11 -1.113100000000000013e-11 -8.725179317244260435e-01 -1.210767000000000023e-09 1.744090000000000126e-10 1.367186146638709765e+01
